0.35,0.265,0.09,0.2255,0.07,7
0.44,0.365,0.125,0.516,0.155,10
0.475,0.37,0.125,0.5095,0.165,9
0.43,0.35,0.11,0.406,0.135,10
0.49,0.38,0.135,0.5415,0.19,11
0.5,0.4,0.13,0.6645,0.24,12
0.365,0.295,0.08,0.2555,0.1,7
0.45,0.32,0.1,0.381,0.115,9
0.355,0.28,0.095,0.2455,0.075,11
0.59,0.445,0.14,0.931,0.28,12
0.605,0.475,0.18,0.9365,0.295,15
0.575,0.425,0.14,0.8635,0.2,11
0.58,0.47,0.165,0.9975,0.33,10
0.665,0.525,0.165,1.338,0.35,18
0.465,0.355,0.105,0.4795,0.125,8
0.355,0.29,0.09,0.3275,0.09,9
0.47,0.37,0.12,0.5795,0.14,9
0.4,0.32,0.095,0.303,0.1,7
0.485,0.36,0.13,0.5415,0.16,10
0.405,0.31,0.1,0.385,0.11,7
0.445,0.35,0.12,0.4425,0.135,8
0.47,0.385,0.135,0.5895,0.17,8
0.45,0.345,0.105,0.4115,0.135,7
0.505,0.405,0.11,0.625,0.175,9
0.425,0.325,0.095,0.3785,0.1,7
0.52,0.4,0.12,0.58,0.185,8
0.475,0.355,0.12,0.48,0.135,8
0.555,0.425,0.13,0.7665,0.275,13
0.57,0.48,0.175,1.185,0.38,11
0.595,0.475,0.14,0.944,0.315,9
0.62,0.51,0.175,1.615,0.675,12
0.595,0.475,0.16,1.3175,0.58,21
0.58,0.45,0.14,1.013,0.36,14
0.625,0.465,0.14,1.195,0.4,13
0.56,0.44,0.16,0.8645,0.26,10
0.565,0.425,0.135,0.8115,0.255,15
0.555,0.44,0.15,0.755,0.26,12
0.595,0.465,0.175,1.115,0.39,13
0.695,0.56,0.19,1.494,0.485,15
0.665,0.535,0.195,1.606,0.48,14
0.535,0.435,0.15,0.725,0.25,9
0.47,0.375,0.13,0.523,0.145,8
0.47,0.37,0.13,0.5225,0.165,7
0.55,0.435,0.145,0.843,0.255,15
0.53,0.435,0.16,0.883,0.335,15
0.53,0.415,0.14,0.724,0.205,10
0.605,0.47,0.16,1.1735,0.345,12
0.495,0.395,0.125,0.5415,0.155,9
0.465,0.36,0.105,0.431,0.175,9
0.425,0.35,0.105,0.393,0.165,9
0.44,0.34,0.105,0.402,0.165,10
0.405,0.305,0.085,0.2605,0.085,8
0.37,0.265,0.075,0.214,0.07,6
0.7,0.535,0.16,1.7255,0.54,19
0.71,0.54,0.165,1.959,0.78,18
0.595,0.48,0.165,1.262,0.41,17
0.345,0.255,0.09,0.2005,0.063,9
0.375,0.285,0.095,0.253,0.0925,9
0.65,0.52,0.19,1.3445,0.4465,16
0.56,0.455,0.155,0.797,0.2425,11
0.475,0.375,0.13,0.5175,0.17,10
0.46,0.35,0.12,0.515,0.1565,10
0.59,0.475,0.145,1.053,0.325,15
0.515,0.405,0.13,0.722,0.21,10
0.645,0.485,0.215,1.514,0.635,16
0.605,0.465,0.165,1.056,0.34,13
0.61,0.485,0.175,1.2445,0.345,12
0.725,0.57,0.19,2.55,0.725,14
0.705,0.56,0.22,1.981,0.76,14
0.695,0.55,0.215,1.9565,0.59,14
0.525,0.435,0.155,1.065,0.285,8
0.58,0.475,0.15,0.97,0.35,11
0.57,0.48,0.18,0.9395,0.295,14
0.64,0.51,0.175,1.368,0.57,21
0.62,0.49,0.19,1.218,0.355,13
0.615,0.48,0.18,1.1595,0.325,13
0.61,0.485,0.17,1.0225,0.36,12
0.58,0.45,0.15,0.927,0.36,14
0.5,0.405,0.155,0.772,0.245,12
0.64,0.5,0.185,1.3035,0.465,16
0.56,0.45,0.16,0.922,0.26,15
0.585,0.46,0.185,0.922,0.285,10
0.5,0.4,0.165,0.825,0.285,13
0.42,0.335,0.115,0.369,0.12,8
0.335,0.25,0.09,0.181,0.06,7
0.5,0.405,0.14,0.6155,0.205,9
0.55,0.405,0.14,0.8025,0.255,10
0.45,0.35,0.13,0.46,0.135,8
0.47,0.36,0.135,0.501,0.165,10
0.555,0.445,0.135,0.836,0.275,13
0.565,0.44,0.175,0.9025,0.325,14
0.625,0.505,0.215,1.4455,0.435,22
0.565,0.425,0.16,0.9425,0.275,17
0.59,0.47,0.18,1.1235,0.36,13
0.6,0.495,0.165,1.2415,0.34,15
0.56,0.45,0.175,1.011,0.37,15
0.56,0.45,0.185,1.07,0.41,19
0.545,0.46,0.16,0.8975,0.345,10
0.53,0.42,0.165,0.8945,0.245,11
0.27,0.2,0.08,0.1205,0.04,6
0.52,0.45,0.15,0.895,0.235,14
0.35,0.275,0.11,0.2925,0.0905,8
0.47,0.39,0.15,0.6355,0.255,9
0.59,0.5,0.2,1.187,0.37,16
0.62,0.485,0.205,1.219,0.385,14
0.63,0.505,0.225,1.525,0.45,15
0.63,0.515,0.155,1.259,0.41,13
0.655,0.54,0.215,1.844,0.585,22
0.61,0.5,0.24,1.642,0.69,18
0.635,0.525,0.205,1.484,0.43,20
0.485,0.395,0.14,0.6295,0.225,14
0.515,0.38,0.175,0.9565,0.31,14
0.53,0.435,0.155,0.699,0.205,10
0.44,0.355,0.125,0.4775,0.19,9
0.54,0.435,0.18,0.996,0.325,17
0.61,0.475,0.165,1.116,0.315,15
0.6,0.495,0.195,1.0575,0.375,26
0.49,0.395,0.14,0.549,0.15,11
0.37,0.28,0.105,0.234,0.075,9
0.37,0.28,0.1,0.252,0.074,8
0.36,0.27,0.1,0.217,0.0715,6
0.645,0.515,0.24,1.5415,0.535,13
0.55,0.41,0.125,0.7605,0.195,14
0.57,0.435,0.145,0.9055,0.275,10
0.56,0.44,0.14,0.971,0.265,14
0.595,0.455,0.195,1.3305,0.345,19
0.63,0.485,0.175,1.3,0.46,23
0.45,0.35,0.1,0.3675,0.12,10
0.385,0.31,0.1,0.2845,0.1,11
0.335,0.265,0.105,0.222,0.075,7
0.51,0.4,0.13,0.6435,0.205,12
0.36,0.295,0.105,0.241,0.095,8
0.5,0.38,0.155,0.5955,0.2,12
0.62,0.465,0.19,1.3415,0.355,11
0.6,0.475,0.19,1.0875,0.325,14
0.59,0.45,0.185,1.283,0.425,16
0.62,0.475,0.185,1.325,0.33,13
0.575,0.455,0.145,1.165,0.3,14
0.62,0.465,0.185,1.274,0.32,12
0.49,0.39,0.14,0.707,0.18,13
0.61,0.48,0.15,1.2,0.28,14
0.57,0.46,0.14,0.9535,0.245,12
0.58,0.455,0.17,0.93,0.22,9
0.635,0.515,0.17,1.275,0.34,16
0.7,0.58,0.205,2.13,0.58,20
0.675,0.525,0.185,1.587,0.395,13
0.745,0.585,0.215,2.499,0.7,17
0.605,0.49,0.18,1.227,0.35,18
0.63,0.515,0.16,1.016,0.355,19
0.58,0.465,0.145,0.887,0.265,11
0.63,0.49,0.18,1.13,0.315,12
0.685,0.52,0.15,1.343,0.4,13
0.63,0.49,0.19,1.1775,0.285,11
0.565,0.465,0.175,0.995,0.37,15
0.605,0.47,0.18,1.1405,0.385,15
0.535,0.42,0.145,0.791,0.25,10
0.485,0.4,0.135,0.663,0.2,10
0.47,0.375,0.12,0.5565,0.195,12
0.545,0.425,0.135,0.8445,0.235,10
0.54,0.42,0.155,0.7385,0.215,12
0.46,0.38,0.135,0.482,0.145,10
0.49,0.42,0.125,0.609,0.22,14
0.475,0.375,0.125,0.593,0.18,10
0.47,0.38,0.145,0.5865,0.185,8
0.535,0.44,0.15,0.6765,0.26,12
0.585,0.455,0.15,0.987,0.31,11
0.515,0.455,0.135,0.7225,0.235,9
0.45,0.355,0.115,0.479,0.15,8
0.59,0.485,0.12,0.911,0.29,16
0.555,0.45,0.145,0.915,0.285,11
0.57,0.44,0.095,0.827,0.235,8
0.59,0.5,0.165,1.1045,0.34,15
0.585,0.475,0.12,0.945,0.28,14
0.545,0.44,0.12,0.8565,0.24,12
0.63,0.515,0.165,1.352,0.45,20
0.545,0.41,0.14,0.625,0.235,13
0.58,0.45,0.175,1.068,0.32,13
0.6,0.5,0.16,1.015,0.33,19
0.6,0.47,0.155,1.036,0.325,20
0.565,0.455,0.17,0.9065,0.32,18
0.545,0.42,0.14,0.7505,0.255,22
0.5,0.41,0.15,0.662,0.22,11
0.39,0.3,0.09,0.3055,0.085,9
0.5,0.415,0.165,0.6885,0.25,13
0.565,0.435,0.185,0.9815,0.39,13
0.565,0.455,0.185,0.9265,0.375,16
0.605,0.5,0.175,1.098,0.375,12
0.725,0.565,0.215,1.891,0.58,16
0.575,0.47,0.14,0.8375,0.24,11
0.38,0.285,0.1,0.2665,0.075,11
0.655,0.53,0.195,1.388,0.41,13
0.675,0.555,0.2,1.4385,0.465,21
0.53,0.415,0.175,0.7395,0.2645,17
0.665,0.54,0.175,1.347,0.415,17
0.735,0.59,0.225,1.756,0.58,21
0.66,0.545,0.185,1.32,0.455,16
0.575,0.4,0.155,0.9325,0.3,17
0.57,0.465,0.125,0.849,0.24,15
0.63,0.48,0.145,1.0115,0.305,12
0.55,0.45,0.13,0.92,0.29,11
0.54,0.42,0.135,0.8075,0.235,11
0.59,0.455,0.145,1.073,0.285,14
0.58,0.46,0.13,0.921,0.29,13
0.655,0.53,0.175,1.2635,0.415,15
0.625,0.5,0.195,1.369,0.37,17
0.555,0.45,0.175,0.874,0.305,10
0.6,0.47,0.175,1.105,0.315,15
0.56,0.46,0.235,0.8395,0.305,12
0.585,0.455,0.225,1.055,0.365,15
0.56,0.435,0.18,0.889,0.25,11
0.31,0.22,0.085,0.146,0.045,6
0.27,0.195,0.08,0.1,0.03,6
0.4,0.29,0.115,0.2795,0.075,9
0.28,0.2,0.08,0.0915,0.03,5
0.325,0.23,0.09,0.147,0.045,4
0.21,0.15,0.05,0.0385,0.01,3
0.2,0.14,0.055,0.035,0.01,5
0.235,0.16,0.06,0.0545,0.015,4
0.175,0.125,0.04,0.024,0.005,4
0.155,0.11,0.04,0.0155,0.005,3
0.385,0.3,0.095,0.24,0.085,9
0.29,0.23,0.075,0.1165,0.04,7
0.275,0.205,0.07,0.094,0.0325,5
0.42,0.325,0.115,0.2885,0.1135,15
0.445,0.35,0.115,0.3615,0.117,8
0.32,0.245,0.075,0.1555,0.049,11
0.255,0.195,0.065,0.08,0.027,8
0.205,0.155,0.045,0.0425,0.0155,7
0.35,0.255,0.065,0.179,0.06,10
0.28,0.21,0.08,0.1085,0.0345,7
0.45,0.335,0.14,0.4625,0.15,14
0.535,0.42,0.15,0.6995,0.24,12
0.345,0.27,0.09,0.195,0.059,9
0.37,0.285,0.1,0.228,0.081,10
0.35,0.265,0.09,0.1775,0.068,12
0.195,0.145,0.05,0.032,0.012,4
0.325,0.24,0.075,0.155,0.06,9
0.415,0.345,0.135,0.3865,0.148,13
0.32,0.24,0.085,0.17,0.049,7
0.31,0.225,0.075,0.1295,0.044,9
0.235,0.17,0.055,0.0515,0.0195,7
0.345,0.255,0.08,0.169,0.054,10
0.34,0.265,0.085,0.1835,0.065,10
0.46,0.365,0.125,0.467,0.158,10
0.36,0.295,0.1,0.2105,0.075,9
0.355,0.265,0.09,0.168,0.063,8
0.38,0.235,0.1,0.258,0.08,7
0.355,0.26,0.085,0.1905,0.055,6
0.325,0.24,0.085,0.173,0.05,7
0.33,0.255,0.095,0.1875,0.06,7
0.45,0.34,0.13,0.3715,0.105,9
0.33,0.215,0.075,0.1145,0.035,6
0.48,0.375,0.145,0.777,0.17,9
0.255,0.18,0.065,0.079,0.025,5
0.31,0.225,0.08,0.1345,0.05,7
0.295,0.215,0.075,0.129,0.04,7
0.455,0.35,0.12,0.4835,0.16,11
0.55,0.425,0.155,0.9175,0.335,13
0.475,0.385,0.145,0.6175,0.215,14
0.49,0.39,0.15,0.573,0.17,21
0.54,0.415,0.145,0.74,0.245,12
0.485,0.37,0.14,0.5725,0.175,10
0.535,0.405,0.185,0.8345,0.29,16
0.51,0.4,0.14,0.6515,0.185,10
0.565,0.44,0.185,0.909,0.255,15
0.525,0.4,0.17,0.7305,0.195,11
0.59,0.44,0.15,0.9555,0.295,11
0.5,0.375,0.15,0.636,0.19,10
0.38,0.29,0.12,0.283,0.085,9
0.28,0.205,0.1,0.1165,0.03,5
0.385,0.285,0.105,0.2905,0.0875,12
0.395,0.295,0.115,0.316,0.1105,12
0.4,0.3,0.125,0.417,0.1175,9
0.415,0.325,0.14,0.417,0.144,10
0.315,0.25,0.09,0.203,0.0795,11
0.36,0.295,0.13,0.2765,0.1005,10
0.375,0.3,0.1,0.2465,0.083,11
0.355,0.265,0.085,0.201,0.0695,8
0.35,0.255,0.08,0.1915,0.063,9
0.555,0.455,0.16,1.0575,0.293,13
0.555,0.44,0.15,1.092,0.4405,15
0.525,0.41,0.13,0.99,0.295,15
0.465,0.36,0.08,0.488,0.155,11
0.4,0.305,0.085,0.297,0.1,10
0.505,0.4,0.125,0.77,0.255,13
0.525,0.4,0.13,0.8295,0.275,11
0.545,0.42,0.13,0.879,0.23,13
0.52,0.4,0.12,0.823,0.265,15
0.505,0.38,0.13,0.656,0.22,13
0.525,0.425,0.12,0.8665,0.29,18
0.51,0.39,0.125,0.6565,0.175,10
0.52,0.385,0.115,0.669,0.205,12
0.535,0.41,0.135,0.862,0.32,14
0.445,0.345,0.09,0.3795,0.125,10
0.53,0.44,0.205,0.835,0.245,14
0.53,0.415,0.13,0.8425,0.265,20
0.52,0.385,0.14,0.6595,0.16,9
0.535,0.42,0.13,0.8055,0.28,14
0.695,0.515,0.175,1.5165,0.39,15
0.485,0.355,0.12,0.547,0.14,10
0.65,0.515,0.175,1.4805,0.525,20
0.62,0.505,0.185,1.5275,0.35,13
0.615,0.525,0.155,1.1375,0.37,20
0.57,0.44,0.155,1.116,0.27,13
0.57,0.43,0.12,1.0615,0.31,15
0.585,0.405,0.15,1.2565,0.325,15
0.64,0.51,0.19,1.613,0.47,14
0.545,0.45,0.15,0.978,0.3,11
0.345,0.27,0.095,0.197,0.07,9
0.385,0.275,0.115,0.2685,0.085,8
0.455,0.34,0.135,0.462,0.12,9
0.49,0.38,0.14,0.7605,0.185,10
0.53,0.41,0.165,0.732,0.31,11
0.505,0.385,0.145,0.6775,0.2,15
0.49,0.38,0.14,0.6385,0.195,13
0.465,0.35,0.14,0.5755,0.19,15
0.56,0.41,0.165,0.93,0.3,13
0.505,0.385,0.15,0.6415,0.215,12
0.515,0.435,0.145,0.8815,0.255,10
0.55,0.415,0.175,1.042,0.2905,15
0.495,0.385,0.135,0.709,0.262,12
0.47,0.37,0.18,0.51,0.1625,9
0.575,0.45,0.165,0.9215,0.256,12
0.58,0.465,0.16,1.0345,0.3635,12
0.515,0.405,0.145,0.695,0.234,15
0.53,0.41,0.155,0.7155,0.214,11
0.44,0.335,0.11,0.394,0.122,9
0.52,0.42,0.16,0.745,0.2885,11
0.46,0.34,0.135,0.495,0.185,10
0.45,0.335,0.125,0.349,0.115,10
0.425,0.33,0.13,0.4405,0.155,9
0.515,0.38,0.135,0.6615,0.155,10
0.405,0.305,0.12,0.3185,0.095,7
0.505,0.405,0.14,0.875,0.285,12
0.415,0.305,0.1,0.325,0.091,6
0.47,0.375,0.12,0.5805,0.169,8
0.49,0.385,0.125,0.609,0.1775,8
0.5,0.4,0.125,0.5975,0.166,9
0.505,0.44,0.14,0.8275,0.239,8
0.525,0.395,0.13,0.7635,0.225,8
0.54,0.405,0.125,0.891,0.202,9
0.55,0.45,0.15,1.0145,0.2875,10
0.555,0.435,0.145,0.9685,0.2385,9
0.565,0.45,0.155,1.0595,0.265,10
0.57,0.455,0.15,0.952,0.2745,9
0.57,0.435,0.13,0.7535,0.194,10
0.59,0.475,0.165,1.077,0.3095,9
0.59,0.46,0.13,1.102,0.33,12
0.6,0.475,0.175,1.3445,0.36,11
0.6,0.495,0.175,1.29,0.3445,11
0.605,0.455,0.16,1.1035,0.325,9
0.615,0.51,0.15,1.296,0.32,9
0.615,0.505,0.165,1.34,0.41,12
0.62,0.5,0.165,1.307,0.315,9
0.63,0.505,0.165,1.26,0.406,14
0.635,0.51,0.17,1.3555,0.39,9
0.65,0.525,0.175,1.4715,0.399,11
0.655,0.52,0.165,1.4095,0.405,9
0.655,0.58,0.205,2.0805,0.601,17
0.66,0.53,0.17,1.3905,0.453,15
0.66,0.52,0.19,1.558,0.4,10
0.73,0.595,0.23,2.8255,0.897,17
0.47,0.365,0.12,0.612,0.14,8
0.475,0.37,0.125,0.537,0.15,9
0.48,0.375,0.115,0.6765,0.17,6
0.48,0.385,0.145,0.64,0.1575,6
0.48,0.36,0.1,0.439,0.115,8
0.48,0.365,0.12,0.6015,0.14,7
0.49,0.385,0.125,0.649,0.1695,8
0.495,0.395,0.135,0.6335,0.1495,8
0.495,0.4,0.135,0.61,0.144,7
0.5,0.39,0.135,0.6595,0.1565,6
0.5,0.385,0.135,0.6425,0.1535,7
0.5,0.4,0.125,0.6725,0.1825,7
0.505,0.41,0.125,0.642,0.155,9
0.51,0.39,0.135,0.769,0.19,8
0.51,0.405,0.15,0.7035,0.1885,8
0.51,0.41,0.145,0.796,0.1955,8
0.515,0.39,0.155,0.7125,0.155,7
0.525,0.4,0.14,0.7325,0.17,11
0.53,0.405,0.125,0.6515,0.186,7
0.535,0.43,0.14,0.7165,0.2155,8
0.535,0.435,0.14,0.874,0.2195,8
0.57,0.45,0.155,1.195,0.295,10
0.57,0.45,0.155,1.1935,0.343,10
0.57,0.445,0.14,1.0635,0.24,8
0.57,0.46,0.17,0.9035,0.214,7
0.575,0.475,0.16,1.114,0.29,9
0.58,0.455,0.15,1.012,0.2835,10
0.58,0.49,0.13,1.1335,0.237,9
0.59,0.465,0.155,1.136,0.275,11
0.59,0.47,0.16,1.206,0.309,8
0.595,0.475,0.165,1.213,0.274,9
0.595,0.455,0.15,1.044,0.27,9
0.605,0.475,0.155,1.161,0.275,9
0.605,0.47,0.165,1.2315,0.2925,11
0.61,0.47,0.15,1.1625,0.3085,11
0.61,0.475,0.155,1.168,0.3295,10
0.625,0.49,0.175,1.3325,0.405,10
0.63,0.485,0.155,1.278,0.31,8
0.63,0.48,0.15,1.1785,0.3235,8
0.635,0.49,0.175,1.375,0.395,11
0.635,0.525,0.185,1.4065,0.3745,10
0.64,0.505,0.155,1.4025,0.335,10
0.645,0.52,0.175,1.636,0.432,11
0.645,0.52,0.175,1.561,0.4,8
0.645,0.5,0.175,1.3385,0.349,11
0.65,0.495,0.16,1.304,0.3725,9
0.65,0.52,0.21,1.6785,0.46,11
0.65,0.525,0.185,1.622,0.477,10
0.66,0.535,0.19,1.5905,0.5175,9
0.66,0.495,0.195,1.6275,0.485,10
0.67,0.525,0.165,1.6085,0.4005,11
0.68,0.535,0.185,1.607,0.498,12
0.69,0.525,0.175,1.7005,0.405,8
0.69,0.505,0.2,1.872,0.48,10
0.71,0.565,0.205,2.198,0.5475,11
0.715,0.565,0.175,1.9525,0.4135,10
0.765,0.6,0.22,2.302,0.6205,12
0.43,0.335,0.12,0.397,0.1035,7
0.47,0.36,0.105,0.544,0.129,7
0.49,0.465,0.125,0.5225,0.141,7
0.5,0.39,0.125,0.5215,0.131,6
0.52,0.4,0.145,0.7765,0.185,9
0.525,0.405,0.12,0.7555,0.201,9
0.545,0.39,0.135,0.7835,0.156,7
0.545,0.41,0.12,0.793,0.19,9
0.545,0.415,0.14,0.82,0.218,9
0.55,0.425,0.15,0.8315,0.2165,10
0.56,0.43,0.145,0.8995,0.234,9
0.56,0.445,0.16,0.8965,0.2215,8
0.56,0.415,0.145,0.852,0.205,8
0.565,0.455,0.15,0.9595,0.23,9
0.565,0.435,0.15,0.99,0.206,8
0.57,0.46,0.15,1.0375,0.25,9
0.575,0.435,0.14,0.8455,0.222,9
0.575,0.455,0.135,0.907,0.26,9
0.575,0.445,0.17,1.0225,0.228,9
0.575,0.445,0.145,0.847,0.22,9
0.58,0.455,0.15,1.114,0.265,8
0.58,0.455,0.195,1.859,0.441,9
0.58,0.445,0.135,0.814,0.22,9
0.58,0.45,0.14,0.9615,0.253,9
0.58,0.45,0.145,1.0025,0.2295,8
0.585,0.46,0.145,0.9335,0.235,9
0.585,0.465,0.16,0.9555,0.265,7
0.59,0.47,0.15,0.9955,0.24,8
0.6,0.455,0.17,1.1915,0.24,8
0.6,0.465,0.155,1.0165,0.225,10
0.605,0.475,0.14,1.1175,0.274,9
0.605,0.48,0.17,1.1835,0.317,10
0.61,0.485,0.16,1.0145,0.2415,8
0.61,0.485,0.145,1.3305,0.2865,9
0.61,0.47,0.165,1.052,0.267,9
0.615,0.46,0.17,1.0565,0.27,10
0.62,0.47,0.135,1.0195,0.2475,8
0.62,0.45,0.2,0.858,0.2405,8
0.625,0.48,0.185,1.2065,0.286,8
0.63,0.47,0.155,1.1325,0.287,8
0.63,0.5,0.175,1.2645,0.3425,10
0.64,0.515,0.165,1.369,0.358,10
0.645,0.53,0.195,1.39,0.3735,10
0.65,0.5,0.155,1.202,0.294,11
0.655,0.515,0.16,1.31,0.345,11
0.665,0.525,0.16,1.363,0.34,8
0.685,0.52,0.165,1.519,0.4,10
0.69,0.53,0.21,1.583,0.3865,12
0.695,0.56,0.185,1.74,0.4375,10
0.7,0.565,0.18,1.751,0.446,9
0.7,0.575,0.19,2.273,0.638,12
0.715,0.55,0.19,2.0045,0.5075,12
0.715,0.535,0.19,1.6755,0.42,10
0.72,0.565,0.145,1.187,0.2685,8
0.725,0.505,0.185,1.978,0.4505,12
0.735,0.585,0.185,2.124,0.5,11
0.745,0.565,0.215,1.931,0.5,11
0.755,0.58,0.205,2.0065,0.595,10
0.495,0.395,0.12,0.553,0.167,8
0.5,0.42,0.135,0.6765,0.2065,9
0.525,0.42,0.155,0.842,0.2045,9
0.535,0.435,0.15,0.717,0.194,9
0.55,0.43,0.15,0.8745,0.248,9
0.555,0.44,0.14,0.8705,0.255,9
0.565,0.445,0.15,0.796,0.219,8
0.565,0.39,0.125,0.744,0.1685,11
0.57,0.435,0.17,0.873,0.2705,10
0.57,0.435,0.125,0.8965,0.275,9
0.575,0.46,0.155,0.892,0.22,10
0.58,0.46,0.155,1.4395,0.2955,10
0.58,0.455,0.135,0.7955,0.204,10
0.585,0.465,0.155,0.9145,0.235,9
0.585,0.49,0.185,1.171,0.335,10
0.585,0.46,0.165,1.1135,0.274,10
0.585,0.47,0.165,1.409,0.295,10
0.585,0.475,0.15,1.065,0.2885,10
0.585,0.45,0.18,0.7995,0.237,8
0.59,0.47,0.18,1.187,0.31,9
0.59,0.455,0.155,0.8855,0.275,10
0.6,0.475,0.17,1.1315,0.309,10
0.6,0.48,0.155,1.014,0.325,11
0.6,0.46,0.155,0.9595,0.295,11
0.605,0.49,0.14,0.9755,0.315,10
0.61,0.45,0.15,0.871,0.25,10
0.61,0.48,0.165,1.244,0.305,12
0.61,0.475,0.17,1.0265,0.3035,10
0.61,0.48,0.17,1.137,0.347,10
0.61,0.46,0.16,1,0.275,10
0.615,0.47,0.165,1.128,0.34,10
0.615,0.5,0.17,1.054,0.295,10
0.615,0.475,0.17,1.129,0.3,10
0.615,0.48,0.175,1.118,0.3,9
0.62,0.51,0.175,1.2815,0.39,10
0.62,0.495,0.18,1.2555,0.355,12
0.625,0.455,0.17,1.082,0.315,9
0.63,0.485,0.145,1.062,0.3365,12
0.63,0.495,0.16,1.093,0.315,12
0.635,0.49,0.16,1.101,0.3455,10
0.635,0.475,0.17,1.1935,0.3665,10
0.635,0.51,0.155,0.986,0.31,10
0.64,0.565,0.23,1.521,0.406,15
0.64,0.525,0.18,1.3135,0.4075,10
0.645,0.51,0.16,1.1835,0.345,11
0.645,0.5,0.195,1.401,0.3725,10
0.645,0.525,0.16,1.5075,0.4325,11
0.65,0.525,0.175,1.5365,0.405,11
0.65,0.51,0.19,1.542,0.375,9
0.655,0.535,0.205,1.6445,0.46,13
0.655,0.49,0.175,1.3585,0.365,10
0.675,0.545,0.185,1.7375,0.469,13
0.685,0.545,0.205,1.7925,0.461,9
0.705,0.565,0.515,2.21,0.512,10
0.705,0.555,0.215,2.141,0.528,11
0.72,0.575,0.215,2.173,0.5365,12
0.415,0.315,0.115,0.3895,0.103,9
0.44,0.32,0.12,0.4565,0.1025,8
0.45,0.335,0.125,0.4475,0.11,6
0.475,0.37,0.125,0.649,0.142,8
0.485,0.39,0.085,0.6435,0.198,8
0.485,0.37,0.13,0.526,0.1555,6
0.505,0.385,0.105,0.5525,0.1555,9
0.515,0.425,0.145,0.9365,0.2185,8
0.52,0.4,0.125,0.559,0.149,8
0.525,0.4,0.14,0.7205,0.1735,8
0.53,0.4,0.125,0.7575,0.175,8
0.55,0.425,0.16,0.793,0.215,9
0.57,0.445,0.15,0.9875,0.249,8
0.575,0.465,0.15,1.08,0.238,9
0.575,0.46,0.165,0.9155,0.2385,8
0.585,0.455,0.15,0.906,0.2335,8
0.59,0.44,0.15,0.8725,0.245,8
0.6,0.455,0.155,0.945,0.25,8
0.6,0.465,0.2,1.259,0.357,9
0.62,0.485,0.155,1.049,0.25,10
0.62,0.48,0.165,1.0725,0.312,9
0.625,0.52,0.175,1.4105,0.3465,10
0.625,0.47,0.18,1.136,0.305,11
0.63,0.47,0.145,1.1005,0.276,9
0.63,0.455,0.15,1.1315,0.305,9
0.63,0.48,0.15,1.271,0.31,11
0.635,0.51,0.185,1.308,0.377,8
0.645,0.51,0.155,1.539,0.43,11
0.65,0.515,0.175,1.466,0.4,10
0.65,0.485,0.14,1.175,0.215,8
0.655,0.51,0.215,1.7835,0.4195,11
0.66,0.505,0.165,1.374,0.345,10
0.67,0.545,0.2,1.7025,0.41,11
0.67,0.51,0.175,1.5265,0.345,10
0.67,0.5,0.19,1.519,0.415,10
0.68,0.515,0.17,1.6115,0.395,11
0.69,0.525,0.2,1.7825,0.461,12
0.7,0.555,0.2,1.858,0.595,11
0.705,0.56,0.165,1.675,0.388,10
0.72,0.565,0.2,2.1055,0.494,12
0.725,0.575,0.24,2.21,0.5015,13
0.74,0.57,0.18,1.8725,0.446,10
0.75,0.55,0.18,1.893,0.445,11
0.475,0.36,0.1,0.4285,0.112,7
0.48,0.355,0.16,0.464,0.239,8
0.525,0.415,0.145,0.845,0.2875,8
0.525,0.4,0.155,0.707,0.225,9
0.54,0.455,0.14,0.972,0.269,10
0.55,0.435,0.14,0.7625,0.259,10
0.56,0.425,0.135,0.849,0.2645,10
0.565,0.44,0.125,0.802,0.215,9
0.565,0.43,0.15,0.831,0.219,10
0.57,0.45,0.14,0.795,0.245,9
0.575,0.455,0.165,0.867,0.268,8
0.575,0.47,0.185,0.985,0.355,10
0.575,0.445,0.16,0.839,0.239,9
0.575,0.44,0.16,0.9615,0.275,13
0.58,0.46,0.155,1.0335,0.295,10
0.58,0.43,0.13,0.798,0.2285,10
0.59,0.49,0.165,1.207,0.309,10
0.595,0.45,0.14,0.838,0.217,10
0.595,0.45,0.145,0.959,0.2535,10
0.6,0.48,0.165,0.9165,0.2725,9
0.6,0.47,0.165,1.059,0.275,9
0.6,0.47,0.16,1.194,0.2635,10
0.605,0.475,0.145,0.884,0.27,8
0.61,0.475,0.155,0.983,0.266,10
0.61,0.47,0.16,1.022,0.2945,9
0.61,0.47,0.17,1.1185,0.31,9
0.615,0.47,0.16,1.0175,0.28,10
0.615,0.475,0.175,1.224,0.311,9
0.62,0.515,0.175,1.221,0.395,13
0.62,0.48,0.15,1.266,0.309,12
0.625,0.49,0.165,1.1165,0.3325,11
0.625,0.475,0.16,1.0845,0.3105,10
0.625,0.5,0.17,1.0985,0.354,9
0.63,0.505,0.17,1.0915,0.3,9
0.63,0.49,0.17,1.1745,0.339,11
0.63,0.485,0.165,1.233,0.3035,10
0.63,0.495,0.175,1.2695,0.328,11
0.635,0.5,0.17,1.4345,0.418,12
0.64,0.515,0.18,1.247,0.3685,10
0.64,0.525,0.185,1.707,0.4435,11
0.645,0.505,0.15,1.1605,0.335,10
0.645,0.5,0.175,1.286,0.386,12
0.645,0.5,0.19,1.5595,0.3845,14
0.645,0.51,0.19,1.4745,0.48,9
0.645,0.51,0.195,1.226,0.3745,10
0.645,0.51,0.16,1.33,0.317,9
0.645,0.5,0.175,1.3375,0.415,10
0.645,0.485,0.15,1.2215,0.33,9
0.65,0.505,0.19,1.274,0.391,11
0.65,0.525,0.185,1.488,0.378,11
0.65,0.51,0.16,1.3835,0.3665,9
0.655,0.55,0.18,1.274,0.365,10
0.66,0.5,0.165,1.3195,0.341,9
0.66,0.53,0.195,1.5505,0.495,10
0.66,0.51,0.165,1.6375,0.3925,14
0.665,0.525,0.175,1.443,0.353,11
0.665,0.505,0.16,1.289,0.3665,11
0.665,0.52,0.175,1.3725,0.395,12
0.665,0.5,0.175,1.2975,0.315,9
0.67,0.505,0.16,1.2585,0.308,12
0.67,0.52,0.165,1.39,0.3,11
0.675,0.525,0.16,1.2835,0.3545,13
0.68,0.52,0.195,1.4535,0.4125,10
0.685,0.52,0.15,1.3735,0.32,11
0.7,0.565,0.175,1.8565,0.54,10
0.71,0.575,0.215,2.009,0.502,11
0.71,0.56,0.22,2.015,0.566,11
0.72,0.57,0.2,1.8275,0.485,10
0.72,0.55,0.205,2.125,0.511,13
0.735,0.59,0.215,1.747,0.557,11
0.75,0.595,0.205,2.2205,0.63,12
0.77,0.62,0.195,2.5155,0.642,12
0.775,0.63,0.25,2.7795,0.578,12
0.39,0.28,0.125,0.564,0.143,7
0.445,0.32,0.12,0.414,0.117,7
0.465,0.36,0.115,0.5795,0.12,7
0.485,0.37,0.155,0.968,0.2365,9
0.5,0.37,0.15,1.0615,0.296,9
0.515,0.35,0.155,0.9225,0.273,9
0.515,0.395,0.135,1.007,0.252,8
0.525,0.365,0.17,0.9605,0.276,10
0.525,0.38,0.125,0.65,0.159,7
0.53,0.41,0.14,0.7545,0.2105,8
0.55,0.42,0.16,1.3405,0.344,10
0.57,0.455,0.175,1.02,0.29,9
0.575,0.44,0.185,1.025,0.2485,10
0.585,0.455,0.145,0.953,0.258,10
0.6,0.495,0.175,1.3005,0.3285,11
0.6,0.465,0.165,1.038,0.251,9
0.605,0.475,0.175,1.2525,0.343,9
0.605,0.475,0.15,1.15,0.297,10
0.62,0.47,0.145,1.0865,0.2565,10
0.625,0.495,0.175,1.254,0.3185,9
0.625,0.49,0.185,1.169,0.344,11
0.635,0.495,0.195,1.172,0.3475,11
0.645,0.5,0.16,1.3815,0.315,9
0.65,0.525,0.19,1.6125,0.3965,11
0.65,0.485,0.16,1.7395,0.3075,10
0.655,0.545,0.19,1.4245,0.378,10
0.695,0.53,0.19,1.726,0.455,11
0.72,0.56,0.18,1.5865,0.4425,11
0.73,0.575,0.21,2.069,0.643,11
0.515,0.385,0.11,0.5785,0.14,8
0.555,0.435,0.14,0.7495,0.214,8
0.555,0.41,0.125,0.599,0.194,8
0.555,0.4,0.13,0.7075,0.18,7
0.555,0.455,0.135,0.837,0.235,9
0.565,0.415,0.125,0.667,0.185,7
0.565,0.455,0.155,0.9355,0.26,11
0.565,0.45,0.16,0.895,0.246,9
0.57,0.46,0.155,1.0005,0.265,11
0.57,0.455,0.155,0.832,0.277,11
0.57,0.44,0.175,0.9415,0.283,9
0.57,0.415,0.13,0.88,0.238,13
0.575,0.45,0.13,0.785,0.2265,9
0.575,0.45,0.155,0.9765,0.235,9
0.575,0.435,0.135,0.992,0.239,10
0.575,0.455,0.155,1.013,0.295,11
0.575,0.445,0.145,0.876,0.27,10
0.575,0.475,0.145,0.857,0.269,9
0.58,0.44,0.15,1.0465,0.2795,10
0.58,0.44,0.16,0.8295,0.2485,9
0.595,0.455,0.15,0.886,0.223,10
0.6,0.46,0.17,1.1805,0.329,11
0.6,0.475,0.15,0.99,0.3105,10
0.605,0.47,0.18,1.1155,0.321,10
0.61,0.48,0.14,1.031,0.27,8
0.615,0.47,0.145,1.0285,0.285,11
0.615,0.47,0.15,1.0875,0.2685,9
0.615,0.495,0.2,1.219,0.3885,10
0.62,0.49,0.16,1.035,0.285,11
0.62,0.49,0.15,1.195,0.355,9
0.62,0.495,0.195,1.5145,0.5195,15
0.62,0.47,0.15,1.309,0.325,9
0.62,0.485,0.155,1.0295,0.335,12
0.625,0.495,0.155,1.0485,0.3215,11
0.625,0.515,0.17,1.331,0.361,9
0.625,0.505,0.185,1.1565,0.3535,10
0.63,0.49,0.155,1.2525,0.289,9
0.635,0.525,0.16,1.195,0.335,12
0.635,0.5,0.165,1.273,0.365,12
0.635,0.515,0.165,1.229,0.3535,10
0.64,0.53,0.165,1.1895,0.35,11
0.64,0.49,0.155,1.1285,0.34,9
0.645,0.49,0.175,1.32,0.3385,11
0.655,0.52,0.17,1.1445,0.348,9
0.66,0.51,0.175,1.218,0.37,11
0.665,0.515,0.2,1.2695,0.436,12
0.665,0.525,0.18,1.429,0.4,12
0.675,0.515,0.15,1.312,0.4115,11
0.68,0.54,0.19,1.623,0.4715,12
0.68,0.54,0.155,1.534,0.384,10
0.685,0.535,0.155,1.3845,0.4075,10
0.69,0.55,0.18,1.6915,0.5,11
0.695,0.545,0.185,1.5715,0.4505,13
0.7,0.55,0.175,1.4405,0.375,12
0.7,0.55,0.195,1.6245,0.535,13
0.72,0.565,0.19,2.081,0.503,11
0.76,0.605,0.215,2.173,0.646,13
0.45,0.33,0.105,0.4955,0.129,8
0.47,0.365,0.135,0.522,0.145,10
0.505,0.39,0.12,0.653,0.167,9
0.505,0.395,0.135,0.5915,0.185,12
0.505,0.385,0.115,0.4825,0.1535,10
0.515,0.4,0.14,0.6335,0.168,9
0.525,0.41,0.13,0.6875,0.1765,9
0.545,0.44,0.14,0.8395,0.2385,11
0.565,0.445,0.145,0.9255,0.2475,9
0.58,0.46,0.16,1.063,0.2625,9
0.59,0.465,0.165,1.115,0.275,10
0.605,0.445,0.14,0.982,0.295,12
0.61,0.49,0.16,1.112,0.341,10
0.66,0.515,0.195,1.5655,0.386,9
0.45,0.35,0.13,0.4655,0.135,8
0.46,0.345,0.12,0.4935,0.132,8
0.46,0.345,0.11,0.4595,0.116,7
0.465,0.36,0.11,0.4955,0.121,7
0.485,0.39,0.135,0.617,0.1635,8
0.5,0.39,0.135,0.7815,0.2385,9
0.505,0.385,0.13,0.6435,0.1515,7
0.525,0.385,0.1,0.5115,0.1455,8
0.535,0.42,0.125,0.738,0.1795,8
0.55,0.41,0.13,0.8705,0.213,9
0.58,0.45,0.12,0.8685,0.2605,8
0.595,0.465,0.15,0.919,0.262,9
0.61,0.48,0.165,1.2435,0.372,8
0.645,0.495,0.15,1.2095,0.339,9
0.65,0.5,0.14,1.238,0.32,8
0.685,0.55,0.2,1.7725,0.49,11
0.72,0.585,0.22,1.914,0.479,11
0.775,0.57,0.22,2.032,0.6585,17
0.53,0.425,0.13,0.7455,0.245,10
0.415,0.3,0.1,0.3355,0.095,7
0.5,0.39,0.145,0.651,0.22,11
0.425,0.33,0.08,0.361,0.125,7
0.47,0.35,0.1,0.4775,0.175,8
0.5,0.38,0.155,0.66,0.215,19
0.375,0.29,0.1,0.276,0.085,9
0.585,0.48,0.185,1.04,0.285,10
0.595,0.455,0.155,1.041,0.365,14
0.665,0.535,0.225,2.1835,0.885,27
0.62,0.49,0.17,1.2105,0.335,13
0.525,0.405,0.13,0.7185,0.175,8
0.425,0.325,0.1,0.3295,0.11,7
0.385,0.295,0.095,0.335,0.09,7
0.47,0.375,0.115,0.4265,0.15,8
0.62,0.51,0.175,1.1505,0.4,12
0.595,0.47,0.15,0.8915,0.245,12
0.585,0.455,0.14,0.97,0.295,9
0.32,0.24,0.08,0.18,0.055,6
0.44,0.35,0.11,0.4585,0.13,9
0.565,0.425,0.1,0.7145,0.18,12
0.68,0.53,0.205,1.496,0.465,14
0.47,0.37,0.105,0.4665,0.155,10
0.455,0.35,0.105,0.401,0.135,9
0.465,0.35,0.12,0.5205,0.185,11
0.46,0.375,0.135,0.4935,0.17,12
0.415,0.31,0.09,0.3245,0.115,8
0.27,0.195,0.07,0.106,0.036,7
0.445,0.355,0.11,0.4415,0.1505,10
0.55,0.44,0.135,0.879,0.265,10
0.58,0.46,0.165,1.2275,0.435,16
0.61,0.5,0.165,1.2715,0.49,12
0.62,0.495,0.175,1.806,0.725,17
0.56,0.42,0.195,0.8085,0.285,14
0.69,0.55,0.2,1.8465,0.57,19
0.375,0.305,0.09,0.3245,0.095,5
0.335,0.235,0.085,0.1545,0.045,6
0.285,0.21,0.075,0.1185,0.04,7
0.595,0.465,0.125,0.799,0.23,10
0.575,0.45,0.185,0.925,0.35,12
0.535,0.42,0.165,0.9195,0.26,16
0.55,0.43,0.16,0.9295,0.355,13
0.495,0.4,0.155,0.8085,0.35,6
0.445,0.34,0.12,0.4475,0.13,9
0.495,0.385,0.135,0.6335,0.26,14
0.47,0.37,0.135,0.547,0.17,12
0.58,0.47,0.165,0.927,0.315,11
0.645,0.495,0.185,1.4935,0.455,15
0.57,0.405,0.16,0.9245,0.295,19
0.615,0.48,0.19,1.36,0.47,18
0.42,0.345,0.105,0.43,0.13,7
0.42,0.34,0.115,0.4215,0.135,8
0.66,0.505,0.2,1.6305,0.61,18
0.565,0.47,0.195,1.142,0.35,17
0.63,0.51,0.23,1.539,0.57,17
0.495,0.39,0.15,0.853,0.27,14
0.58,0.465,0.175,1.035,0.385,17
0.59,0.475,0.155,0.857,0.28,13
0.37,0.28,0.095,0.2225,0.075,7
0.555,0.43,0.165,0.7575,0.275,13
0.595,0.475,0.17,1.0965,0.35,17
0.6,0.48,0.175,1.229,0.415,13
0.585,0.465,0.19,1.171,0.4,17
0.415,0.315,0.125,0.388,0.125,12
0.465,0.36,0.13,0.5265,0.165,10
0.46,0.375,0.14,0.5105,0.205,9
0.36,0.27,0.09,0.2225,0.075,6
0.655,0.59,0.2,1.5455,0.415,11
0.6,0.485,0.175,1.2675,0.38,13
0.65,0.495,0.18,1.793,0.53,14
0.51,0.395,0.145,0.6185,0.24,12
0.52,0.38,0.135,0.5825,0.175,8
0.495,0.415,0.165,0.7485,0.285,13
0.43,0.335,0.115,0.406,0.135,8
0.55,0.46,0.175,0.869,0.32,10
0.585,0.43,0.16,0.955,0.27,11
0.57,0.45,0.16,0.8615,0.255,12
0.635,0.51,0.21,1.598,0.58,15
0.695,0.57,0.2,2.033,0.685,15
0.655,0.525,0.185,1.259,0.445,20
0.51,0.405,0.13,0.7175,0.17,9
0.525,0.405,0.135,0.7575,0.195,10
0.44,0.375,0.13,0.487,0.155,9
0.475,0.375,0.12,0.563,0.185,10
0.525,0.425,0.12,0.702,0.22,12
0.475,0.36,0.12,0.578,0.17,8
0.46,0.375,0.13,0.5735,0.195,9
0.59,0.49,0.135,1.008,0.285,11
0.455,0.355,0.13,0.515,0.175,11
0.47,0.375,0.13,0.5795,0.195,13
0.35,0.265,0.11,0.2965,0.085,7
0.595,0.47,0.145,0.991,0.34,16
0.575,0.435,0.15,0.805,0.27,17
0.535,0.435,0.155,0.8915,0.25,13
0.515,0.42,0.14,0.769,0.29,13
0.49,0.395,0.135,0.5545,0.215,14
0.53,0.435,0.135,0.7365,0.22,12
0.43,0.345,0.115,0.3045,0.12,11
0.475,0.395,0.135,0.592,0.2,13
0.59,0.46,0.155,0.906,0.335,15
0.695,0.55,0.22,1.5515,0.445,13
0.61,0.49,0.15,1.103,0.36,23
0.56,0.455,0.165,0.86,0.245,11
0.655,0.485,0.195,1.62,0.485,17
0.64,0.52,0.2,1.407,0.455,17
0.67,0.55,0.17,1.247,0.4,21
0.505,0.4,0.13,0.764,0.2175,11
0.525,0.43,0.165,0.8645,0.2515,16
0.59,0.475,0.16,0.9455,0.27,19
0.7,0.53,0.19,1.3185,0.42,18
0.635,0.495,0.15,1.081,0.31,11
0.555,0.44,0.135,0.9025,0.28,13
0.575,0.47,0.15,1.1415,0.4,13
0.585,0.455,0.125,1.027,0.25,17
0.55,0.45,0.155,0.7895,0.25,12
0.57,0.475,0.195,1.0295,0.305,18
0.695,0.57,0.23,1.885,0.5,19
0.65,0.545,0.16,1.2425,0.48,15
0.18,0.125,0.05,0.023,0.01,3
0.34,0.275,0.09,0.2065,0.07,10
0.175,0.135,0.04,0.0305,0.01,5
0.155,0.115,0.025,0.024,0.0075,5
0.42,0.34,0.125,0.4495,0.144,11
0.37,0.29,0.09,0.241,0.069,10
0.33,0.25,0.09,0.197,0.0605,10
0.29,0.225,0.08,0.1295,0.045,10
0.31,0.245,0.095,0.15,0.048,7
0.4,0.315,0.105,0.287,0.113,10
0.425,0.315,0.125,0.3525,0.13,18
0.31,0.235,0.06,0.12,0.04,11
0.35,0.255,0.085,0.2145,0.06,13
0.26,0.2,0.065,0.096,0.03,6
0.26,0.19,0.075,0.0945,0.03,6
0.34,0.255,0.095,0.213,0.07,9
0.515,0.4,0.16,0.8175,0.3,23
0.465,0.355,0.125,0.5255,0.145,13
0.54,0.415,0.17,0.879,0.255,10
0.475,0.355,0.125,0.4625,0.145,9
0.5,0.355,0.14,0.528,0.14,9
0.5,0.38,0.135,0.5835,0.18,12
0.35,0.26,0.09,0.198,0.06,10
0.395,0.305,0.105,0.282,0.096,9
0.445,0.35,0.14,0.5905,0.19,14
0.44,0.325,0.08,0.413,0.13,8
0.515,0.405,0.14,0.8505,0.315,17
0.5,0.39,0.13,0.709,0.18,11
0.425,0.325,0.12,0.3755,0.105,9
0.51,0.415,0.14,0.8185,0.235,16
0.54,0.415,0.13,0.8245,0.24,13
0.615,0.475,0.17,1.1825,0.24,11
0.565,0.44,0.175,1.122,0.375,20
0.645,0.515,0.175,1.6115,0.385,14
0.605,0.49,0.145,1.3,0.31,14
0.645,0.485,0.155,1.489,0.38,18
0.57,0.42,0.155,1.008,0.34,13
0.39,0.285,0.095,0.271,0.08,8
0.52,0.4,0.165,0.8565,0.21,12
0.46,0.36,0.135,0.6105,0.235,14
0.5,0.385,0.145,0.7615,0.204,14
0.49,0.39,0.135,0.592,0.1835,15
0.44,0.325,0.115,0.39,0.113,7
0.4,0.305,0.13,0.2935,0.105,9
0.45,0.36,0.16,0.567,0.225,12
0.505,0.4,0.155,0.8415,0.285,12
0.495,0.4,0.14,0.7775,0.25,15
0.54,0.41,0.145,0.989,0.355,19
0.465,0.375,0.11,0.5,0.1505,8
0.48,0.37,0.135,0.6315,0.161,7
0.5,0.4,0.13,0.7715,0.211,8
0.525,0.425,0.19,0.872,0.199,9
0.54,0.42,0.12,0.8115,0.2235,9
0.545,0.45,0.15,0.8795,0.2625,11
0.58,0.46,0.18,1.145,0.325,11
0.59,0.455,0.16,1.09,0.292,9
0.59,0.48,0.16,1.262,0.335,9
0.595,0.49,0.185,1.185,0.361,10
0.605,0.475,0.175,1.201,0.309,10
0.63,0.5,0.185,1.362,0.384,10
0.64,0.585,0.195,1.647,0.471,12
0.66,0.535,0.2,1.791,0.54,15
0.465,0.34,0.105,0.486,0.1225,9
0.48,0.37,0.1,0.5135,0.135,8
0.5,0.375,0.145,0.6215,0.1485,7
0.515,0.395,0.12,0.646,0.172,9
0.525,0.415,0.135,0.7945,0.202,7
0.525,0.425,0.125,0.812,0.195,8
0.53,0.41,0.14,0.681,0.1835,6
0.54,0.435,0.14,0.7345,0.213,9
0.575,0.45,0.155,0.948,0.259,7
0.59,0.465,0.14,1.046,0.263,7
0.6,0.46,0.15,1.247,0.29,9
0.61,0.48,0.15,1.1495,0.264,8
0.615,0.47,0.155,1.2,0.292,8
0.625,0.48,0.17,1.3555,0.3385,10
0.63,0.48,0.165,1.286,0.35,8
0.645,0.49,0.16,1.251,0.3165,9
0.645,0.5,0.175,1.5105,0.3775,12
0.67,0.52,0.19,1.6385,0.391,9
0.69,0.54,0.185,1.71,0.4325,8
0.695,0.525,0.175,1.742,0.505,12
0.765,0.585,0.18,2.398,0.5335,12
0.77,0.6,0.215,2.1945,0.584,10
0.49,0.38,0.11,0.554,0.15,8
0.5,0.38,0.12,0.5765,0.145,9
0.505,0.4,0.135,0.723,0.178,7
0.545,0.42,0.145,0.778,0.205,7
0.545,0.42,0.12,0.7865,0.17,7
0.565,0.43,0.13,0.784,0.213,9
0.57,0.45,0.135,1.02,0.25,9
0.58,0.455,0.13,0.852,0.225,8
0.59,0.47,0.15,0.861,0.249,8
0.59,0.46,0.14,1.004,0.26,9
0.595,0.47,0.165,1.108,0.3345,9
0.595,0.46,0.14,0.852,0.227,9
0.6,0.49,0.21,1.9875,0.491,10
0.615,0.45,0.15,1.198,0.2505,7
0.615,0.475,0.175,1.103,0.2725,10
0.62,0.49,0.155,1.1,0.31,9
0.62,0.48,0.15,1.1015,0.305,10
0.625,0.495,0.185,1.3835,0.345,11
0.625,0.48,0.145,1.085,0.327,10
0.63,0.505,0.15,1.3165,0.37,11
0.63,0.51,0.175,1.3415,0.375,10
0.63,0.465,0.15,1.027,0.176,8
0.645,0.515,0.16,1.1845,0.335,9
0.645,0.48,0.15,1.192,0.285,9
0.65,0.515,0.125,1.1805,0.3275,9
0.65,0.52,0.175,1.2655,0.336,9
0.65,0.51,0.155,1.407,0.335,9
0.66,0.515,0.165,1.4465,0.3755,10
0.67,0.5,0.2,1.269,0.351,11
0.67,0.51,0.18,1.68,0.3935,13
0.68,0.52,0.165,1.4775,0.406,11
0.68,0.53,0.18,1.529,0.4025,11
0.7,0.525,0.175,1.7585,0.47,10
0.7,0.55,0.2,1.523,0.4405,13
0.725,0.55,0.2,1.51,0.5085,9
0.735,0.57,0.175,1.88,0.488,11
0.75,0.555,0.215,2.201,0.5285,11
0.45,0.325,0.115,0.4305,0.1155,8
0.48,0.375,0.12,0.5895,0.172,11
0.515,0.41,0.14,0.7355,0.2,7
0.535,0.43,0.155,0.7845,0.245,10
0.58,0.44,0.175,1.2255,0.3265,10
0.585,0.465,0.165,0.885,0.274,10
0.59,0.47,0.145,0.9235,0.254,9
0.59,0.475,0.14,0.977,0.275,10
0.595,0.475,0.14,1.0305,0.278,10
0.6,0.48,0.09,1.05,0.28,8
0.6,0.495,0.185,1.1145,0.367,11
0.6,0.45,0.145,0.877,0.24,9
0.6,0.51,0.185,1.285,0.315,9
0.61,0.48,0.185,1.3065,0.29,10
0.625,0.5,0.14,1.096,0.295,10
0.625,0.49,0.165,1.205,0.3465,10
0.63,0.505,0.175,1.221,0.34,12
0.63,0.47,0.15,1.1355,0.3115,12
0.63,0.525,0.195,1.3135,0.465,10
0.64,0.505,0.155,1.1955,0.346,11
0.64,0.485,0.15,1.098,0.3175,10
0.64,0.495,0.17,1.139,0.285,10
0.64,0.515,0.08,1.042,0.175,10
0.65,0.52,0.155,1.368,0.365,9
0.65,0.51,0.175,1.446,0.45,12
0.7,0.54,0.205,1.74,0.4865,13
0.71,0.565,0.2,1.601,0.45,11
0.72,0.55,0.205,2.165,0.404,10
0.725,0.57,0.19,2.3305,0.52,9
0.5,0.365,0.13,0.5945,0.1535,9
0.52,0.4,0.105,0.872,0.1985,9
0.535,0.405,0.14,0.818,0.189,7
0.57,0.42,0.14,0.8745,0.25,8
0.58,0.445,0.16,0.984,0.27,9
0.59,0.47,0.155,1.1735,0.2595,9
0.59,0.485,0.155,1.0785,0.31,9
0.595,0.435,0.16,1.057,0.31,9
0.6,0.475,0.175,1.11,0.285,9
0.6,0.45,0.16,1.142,0.307,10
0.605,0.475,0.19,1.1255,0.26,10
0.625,0.475,0.175,1.3405,0.337,10
0.625,0.5,0.13,1.082,0.25,8
0.63,0.49,0.165,1.2005,0.294,10
0.63,0.485,0.16,1.243,0.3,10
0.665,0.515,0.19,1.6385,0.371,11
0.695,0.54,0.195,1.691,0.4755,11
0.735,0.57,0.21,2.2355,0.5315,10
0.74,0.595,0.19,2.3235,0.505,11
0.505,0.365,0.115,0.521,0.15,8
0.52,0.465,0.15,0.9505,0.255,8
0.53,0.405,0.15,0.8315,0.2525,10
0.575,0.45,0.165,0.9655,0.23,8
0.58,0.465,0.15,0.9065,0.29,8
0.58,0.46,0.15,1.049,0.305,10
0.58,0.445,0.15,0.9525,0.287,11
0.59,0.5,0.15,1.142,0.345,9
0.595,0.47,0.155,1.2015,0.265,10
0.595,0.46,0.17,1.1295,0.265,10
0.6,0.45,0.195,1.34,0.3605,10
0.6,0.465,0.165,1.0475,0.315,11
0.605,0.49,0.18,1.167,0.3745,9
0.61,0.48,0.14,1.0625,0.2915,11
0.615,0.455,0.15,0.9335,0.2615,10
0.62,0.475,0.195,1.3585,0.3745,10
0.625,0.495,0.175,1.2075,0.3525,11
0.625,0.515,0.165,1.217,0.3115,10
0.625,0.49,0.12,0.8765,0.233,10
0.63,0.53,0.18,1.2795,0.315,9
0.63,0.51,0.17,1.1885,0.348,7
0.635,0.52,0.175,1.292,0.367,11
0.635,0.485,0.18,1.1795,0.355,10
0.635,0.515,0.16,1.2075,0.345,11
0.64,0.505,0.18,1.297,0.363,11
0.64,0.575,0.175,1.4585,0.4395,11
0.645,0.495,0.19,1.539,0.445,12
0.65,0.52,0.195,1.676,0.47,15
0.67,0.525,0.17,1.4005,0.387,9
0.67,0.525,0.195,1.4405,0.425,9
0.67,0.54,0.175,1.482,0.365,10
0.68,0.515,0.16,1.2345,0.325,11
0.685,0.505,0.19,1.533,0.41,10
0.69,0.515,0.18,1.8445,0.341,13
0.715,0.55,0.175,1.825,0.44,11
0.72,0.58,0.19,2.0885,0.5305,13
0.735,0.59,0.205,2.087,0.625,12
0.745,0.575,0.2,1.884,0.495,12
0.485,0.365,0.155,1.029,0.313,8
0.49,0.355,0.155,0.981,0.2505,8
0.535,0.405,0.175,1.2705,0.337,13
0.555,0.405,0.19,1.406,0.389,10
0.555,0.425,0.15,0.873,0.1965,9
0.56,0.425,0.135,0.9415,0.1975,9
0.595,0.485,0.15,1.0835,0.276,8
0.61,0.475,0.175,1.024,0.322,9
0.61,0.485,0.17,1.281,0.33,9
0.64,0.485,0.16,1.006,0.2835,9
0.64,0.495,0.165,1.307,0.266,11
0.645,0.505,0.185,1.463,0.416,10
0.68,0.54,0.21,1.7885,0.437,13
0.7,0.545,0.185,1.6135,0.3685,11
0.73,0.585,0.225,2.2305,0.563,14
0.535,0.41,0.12,0.6835,0.159,8
0.54,0.42,0.19,0.6855,0.38,10
0.56,0.45,0.145,0.894,0.264,9
0.57,0.45,0.145,0.95,0.2845,10
0.575,0.47,0.15,0.9785,0.276,9
0.575,0.445,0.14,0.737,0.237,10
0.585,0.45,0.175,1.1275,0.335,11
0.59,0.435,0.165,0.9765,0.235,9
0.59,0.405,0.15,0.853,0.245,9
0.595,0.47,0.175,0.991,0.5,12
0.595,0.48,0.14,0.9125,0.289,9
0.6,0.45,0.15,0.8665,0.255,12
0.615,0.485,0.215,0.9615,0.29,11
0.615,0.49,0.17,1.145,0.343,13
0.63,0.515,0.175,1.1955,0.37,11
0.63,0.495,0.18,1.31,0.4695,10
0.635,0.5,0.18,1.154,0.387,9
0.65,0.505,0.17,1.5595,0.395,11
0.65,0.51,0.175,1.3165,0.364,12
0.655,0.54,0.165,1.403,0.42,11
0.665,0.525,0.155,1.3575,0.4485,10
0.675,0.52,0.145,1.3645,0.385,11
0.685,0.51,0.165,1.545,0.4055,10
0.71,0.56,0.175,1.724,0.4625,13
0.455,0.35,0.11,0.458,0.1305,8
0.46,0.355,0.14,0.491,0.174,10
0.495,0.38,0.12,0.474,0.1545,10
0.51,0.395,0.125,0.5805,0.188,11
0.525,0.4,0.13,0.622,0.184,9
0.53,0.415,0.12,0.706,0.1345,9
0.545,0.435,0.145,0.9385,0.345,11
0.575,0.48,0.15,0.9465,0.2505,9
0.58,0.43,0.125,0.9115,0.121,10
0.595,0.455,0.145,0.942,0.277,11
0.6,0.465,0.18,1.193,0.3055,8
0.645,0.5,0.18,1.461,0.439,11
0.66,0.525,0.2,1.489,0.421,10
0.465,0.405,0.135,0.7775,0.1455,10
0.51,0.415,0.145,0.751,0.203,8
0.56,0.42,0.15,0.8755,0.2315,8
0.575,0.45,0.135,0.9215,0.2365,9
0.585,0.46,0.15,1.206,0.323,10
0.615,0.495,0.155,1.2865,0.3245,11
0.67,0.515,0.165,1.1735,0.316,11
0.675,0.505,0.16,1.532,0.3815,11
0.46,0.36,0.125,0.547,0.19,8
0.46,0.35,0.125,0.5165,0.185,9
0.535,0.42,0.125,0.764,0.265,11
0.465,0.36,0.105,0.488,0.19,10
0.51,0.4,0.14,0.6905,0.23,10
0.55,0.425,0.16,0.97,0.48,20
0.55,0.42,0.17,0.8465,0.245,13
0.585,0.45,0.15,1.047,0.315,14
0.425,0.335,0.1,0.4085,0.135,9
0.54,0.41,0.13,0.56,0.175,7
0.505,0.395,0.125,0.635,0.175,9
0.535,0.44,0.165,0.875,0.3,10
0.55,0.435,0.11,0.806,0.215,9
0.64,0.49,0.14,1.194,0.375,15
0.605,0.49,0.155,1.153,0.295,15
0.605,0.47,0.115,1.114,0.31,15
0.56,0.45,0.155,0.9125,0.35,10
0.525,0.405,0.16,0.792,0.28,13
0.35,0.265,0.09,0.2265,0.065,6
0.45,0.355,0.12,0.3955,0.145,9
0.38,0.3,0.1,0.2505,0.0775,8
0.5,0.385,0.135,0.551,0.206,11
0.645,0.505,0.165,1.307,0.52,10
0.565,0.44,0.115,0.9185,0.29,11
0.72,0.575,0.23,2.2695,0.665,16
0.55,0.405,0.15,0.9235,0.24,7
0.65,0.515,0.18,1.3315,0.405,13
0.565,0.435,0.185,1.032,0.31,20
0.45,0.335,0.14,0.478,0.16,11
0.335,0.265,0.095,0.1975,0.07,9
0.565,0.45,0.14,1.0055,0.265,12
0.63,0.51,0.19,1.4985,0.545,16
0.425,0.34,0.12,0.388,0.125,10
0.675,0.525,0.175,1.402,0.465,16
0.5,0.4,0.145,0.6025,0.21,11
0.385,0.305,0.09,0.2775,0.1,9
0.52,0.435,0.195,0.973,0.355,18
0.52,0.415,0.175,0.753,0.255,8
0.64,0.525,0.2,1.3765,0.47,16
0.57,0.455,0.15,0.96,0.275,11
0.41,0.325,0.12,0.3745,0.125,12
0.485,0.41,0.15,0.696,0.265,13
0.665,0.535,0.155,1.383,0.485,14
0.635,0.51,0.155,1.156,0.315,18
0.695,0.53,0.15,1.477,0.43,14
0.555,0.435,0.135,0.858,0.29,15
0.65,0.525,0.19,1.4995,0.395,14
0.635,0.48,0.19,1.467,0.42,15
0.55,0.435,0.16,0.906,0.295,13
0.595,0.5,0.165,1.06,0.275,11
0.3,0.24,0.09,0.161,0.05,6
0.48,0.38,0.13,0.6175,0.175,12
0.505,0.385,0.11,0.655,0.185,9
0.455,0.375,0.125,0.484,0.165,7
0.64,0.505,0.165,1.4435,0.39,18
0.565,0.45,0.115,0.9085,0.29,17
0.48,0.38,0.135,0.528,0.16,14
0.41,0.31,0.125,0.3595,0.115,11
0.52,0.425,0.155,0.7735,0.255,17
0.465,0.36,0.125,0.4365,0.145,11
0.46,0.355,0.11,0.415,0.13,12
0.485,0.385,0.125,0.4775,0.17,12
0.525,0.415,0.16,0.6445,0.22,12
0.69,0.54,0.185,1.6195,0.555,24
0.55,0.45,0.17,0.81,0.22,11
0.565,0.44,0.155,0.868,0.26,11
0.55,0.46,0.13,0.7085,0.205,12
0.535,0.42,0.16,0.72,0.225,15
0.53,0.405,0.13,0.738,0.193,9
0.575,0.455,0.185,1.156,0.295,13
0.59,0.45,0.12,0.7485,0.22,14
0.645,0.5,0.19,1.229,0.395,17
0.605,0.485,0.175,1.145,0.405,16
0.275,0.2,0.08,0.099,0.03,5
0.4,0.31,0.11,0.314,0.1,11
0.35,0.26,0.09,0.195,0.0655,9
0.44,0.35,0.14,0.451,0.184,16
0.265,0.2,0.065,0.084,0.03,7
0.165,0.125,0.04,0.0245,0.008,4
0.345,0.265,0.09,0.163,0.0485,10
0.43,0.33,0.095,0.34,0.112,14
0.415,0.32,0.1,0.3005,0.104,11
0.285,0.215,0.075,0.106,0.035,5
0.41,0.315,0.095,0.306,0.09,9
0.41,0.3,0.1,0.301,0.09,9
0.33,0.245,0.085,0.171,0.055,11
0.28,0.21,0.065,0.0905,0.03,5
0.455,0.345,0.125,0.44,0.135,12
0.33,0.235,0.09,0.163,0.055,10
0.54,0.405,0.155,0.9715,0.29,19
0.335,0.255,0.075,0.1635,0.057,8
0.545,0.435,0.165,0.9955,0.325,19
0.495,0.4,0.12,0.6605,0.19,15
0.5,0.375,0.13,0.721,0.22,14
0.515,0.4,0.125,0.955,0.26,13
0.545,0.41,0.145,0.873,0.31,18
0.74,0.535,0.185,1.65,0.335,13
0.565,0.465,0.15,1.1285,0.33,16
0.56,0.44,0.16,1.1115,0.26,10
0.545,0.42,0.125,0.9745,0.305,13
0.645,0.515,0.185,1.4605,0.41,19
0.575,0.435,0.13,1.0105,0.32,10
0.62,0.48,0.16,1.0765,0.3,13
0.605,0.475,0.16,1.616,0.34,18
0.365,0.285,0.085,0.2205,0.07,9
0.53,0.43,0.135,0.879,0.25,10
0.48,0.395,0.15,0.6815,0.2495,18
0.455,0.345,0.15,0.5795,0.215,13
0.37,0.28,0.105,0.224,0.075,8
0.49,0.395,0.12,0.674,0.185,9
0.56,0.45,0.14,0.9,0.218,7
0.58,0.46,0.15,1.0165,0.265,9
0.59,0.47,0.135,1.1685,0.28,8
0.6,0.475,0.15,1.089,0.292,11
0.61,0.47,0.155,1.0325,0.2785,9
0.64,0.51,0.17,1.3715,0.409,10
0.71,0.55,0.2,1.9045,0.5,13
0.74,0.605,0.2,2.4925,0.5235,13
0.48,0.37,0.13,0.643,0.135,8
0.52,0.39,0.12,0.6435,0.161,7
0.52,0.395,0.125,0.8115,0.2,7
0.55,0.44,0.155,0.9155,0.25,8
0.6,0.475,0.155,1.1385,0.31,9
0.615,0.505,0.19,1.403,0.365,8
0.62,0.485,0.165,1.1325,0.2825,9
0.625,0.485,0.17,1.437,0.475,11
0.635,0.495,0.155,1.3635,0.295,10
0.64,0.5,0.17,1.4545,0.354,9
0.66,0.525,0.18,1.478,0.372,10
0.72,0.565,0.2,1.787,0.529,11
0.535,0.42,0.16,0.7465,0.2185,10
0.55,0.44,0.16,0.985,0.27,8
0.555,0.44,0.145,0.85,0.23,8
0.555,0.44,0.15,0.838,0.23,8
0.56,0.415,0.13,0.7615,0.1955,8
0.575,0.44,0.145,0.87,0.225,8
0.59,0.46,0.145,0.929,0.255,10
0.6,0.41,0.145,0.939,0.268,8
0.6,0.475,0.16,1.164,0.335,12
0.61,0.47,0.175,1.214,0.325,10
0.625,0.495,0.18,1.0815,0.3135,10
0.625,0.47,0.175,1.179,0.271,9
0.65,0.505,0.18,1.469,0.38,9
0.655,0.52,0.18,1.492,0.355,11
0.67,0.525,0.18,1.6615,0.43,10
0.71,0.57,0.195,1.348,0.4535,11
0.715,0.545,0.18,1.7405,0.449,10
0.435,0.335,0.11,0.4385,0.1315,7
0.505,0.39,0.115,0.5585,0.1535,8
0.535,0.415,0.135,0.78,0.2365,8
0.57,0.47,0.155,1.186,0.277,10
0.575,0.45,0.155,0.886,0.2575,9
0.58,0.47,0.165,1.041,0.279,9
0.6,0.47,0.15,0.928,0.275,8
0.6,0.475,0.23,1.157,0.36,11
0.625,0.48,0.16,1.1415,0.29,9
0.625,0.49,0.165,1.1835,0.39,11
0.625,0.485,0.16,1.2135,0.302,9
0.635,0.495,0.17,1.3695,0.365,10
0.65,0.515,0.185,1.3745,0.369,12
0.65,0.515,0.18,1.463,0.4115,11
0.655,0.525,0.16,1.46,0.405,11
0.66,0.515,0.2,1.6465,0.401,11
0.675,0.515,0.145,1.265,0.325,10
0.685,0.53,0.17,1.56,0.465,11
0.715,0.52,0.18,1.6,0.445,12
0.735,0.555,0.22,2.333,0.6195,12
0.515,0.39,0.14,0.678,0.119,8
0.545,0.43,0.155,0.8035,0.228,7
0.58,0.45,0.16,0.8675,0.215,9
0.6,0.46,0.18,1.14,0.365,10
0.615,0.475,0.155,1.0735,0.31,11
0.615,0.475,0.19,1.4335,0.3285,9
0.615,0.495,0.2,1.304,0.371,14
0.62,0.46,0.16,0.9505,0.228,9
0.63,0.515,0.17,1.385,0.38,11
0.655,0.505,0.165,1.27,0.335,10
0.66,0.53,0.175,1.583,0.405,10
0.69,0.53,0.19,1.5955,0.48,10
0.715,0.525,0.2,1.89,0.4305,10
0.53,0.41,0.125,0.769,0.215,9
0.535,0.405,0.14,0.7315,0.19,7
0.545,0.41,0.14,0.737,0.212,9
0.59,0.465,0.135,0.9895,0.28,8
0.6,0.47,0.16,1.012,0.305,10
0.605,0.49,0.165,1.1245,0.3555,11
0.61,0.45,0.19,1.0805,0.2935,10
0.615,0.47,0.175,1.242,0.317,11
0.62,0.5,0.18,1.3915,0.332,11
0.62,0.525,0.155,1.085,0.35,10
0.62,0.48,0.165,1.0855,0.305,10
0.64,0.5,0.175,1.273,0.405,13
0.645,0.51,0.19,1.4865,0.425,12
0.65,0.52,0.17,1.3655,0.36,11
0.65,0.495,0.17,1.276,0.399,11
0.65,0.495,0.16,1.2075,0.32,10
0.65,0.525,0.205,1.4275,0.4355,13
0.65,0.51,0.175,1.155,0.385,12
0.65,0.525,0.19,1.3685,0.4,11
0.66,0.51,0.18,1.261,0.339,10
0.67,0.54,0.195,1.217,0.3315,11
0.675,0.51,0.17,1.527,0.341,11
0.685,0.55,0.19,1.885,0.4895,10
0.685,0.535,0.175,1.432,0.46,11
0.705,0.55,0.21,1.4385,0.462,11
0.71,0.555,0.175,2.14,0.434,11
0.78,0.6,0.21,2.548,0.6745,11
0.43,0.31,0.13,0.6485,0.184,9
0.495,0.375,0.155,0.976,0.2475,9
0.505,0.4,0.15,0.775,0.185,7
0.51,0.38,0.135,0.681,0.17,9
0.515,0.37,0.115,0.6145,0.146,9
0.605,0.455,0.16,1.1215,0.271,10
0.615,0.505,0.165,1.167,0.345,10
0.615,0.475,0.15,1.0375,0.283,9
0.625,0.48,0.18,1.223,0.3375,10
0.625,0.47,0.15,1.124,0.287,9
0.53,0.425,0.155,0.7905,0.2595,9
0.53,0.425,0.13,0.702,0.22,9
0.53,0.42,0.135,0.675,0.1825,10
0.555,0.46,0.16,0.86,0.275,10
0.56,0.465,0.145,0.8875,0.2695,9
0.575,0.465,0.12,1.0535,0.235,9
0.58,0.45,0.155,0.8275,0.2445,8
0.585,0.47,0.145,0.9565,0.265,9
0.595,0.48,0.185,1.1785,0.314,10
0.615,0.48,0.185,1.2205,0.33,10
0.615,0.455,0.13,0.9685,0.2655,10
0.62,0.48,0.155,1.2555,0.3175,11
0.625,0.495,0.155,1.177,0.345,9
0.625,0.5,0.185,1.2425,0.335,10
0.63,0.49,0.16,1.09,0.354,12
0.67,0.52,0.175,1.4755,0.374,10
0.675,0.54,0.175,1.5545,0.512,12
0.695,0.58,0.2,1.8995,0.5295,13
0.74,0.58,0.205,2.381,0.488,12
0.425,0.305,0.11,0.359,0.0975,9
0.515,0.385,0.13,0.623,0.175,10
0.555,0.445,0.13,0.8625,0.24,9
0.465,0.355,0.12,0.5315,0.1395,8
0.475,0.385,0.12,0.562,0.153,8
0.565,0.445,0.14,0.836,0.2245,9
0.57,0.45,0.14,0.9275,0.2515,8
0.57,0.44,0.145,0.8815,0.2735,10
0.595,0.46,0.155,1.03,0.3305,10
0.62,0.46,0.17,1.127,0.296,7
0.625,0.47,0.17,1.1665,0.3945,11
0.68,0.54,0.195,1.7825,0.4285,11
0.68,0.52,0.175,1.543,0.374,11
0.5,0.385,0.12,0.6335,0.235,14
0.535,0.41,0.15,0.8105,0.24,11
0.335,0.26,0.075,0.22,0.085,6
0.41,0.325,0.1,0.3555,0.105,9
0.52,0.425,0.125,0.79,0.19,8
0.5,0.42,0.125,0.62,0.205,11
0.575,0.45,0.16,0.955,0.27,16
0.57,0.45,0.155,0.91,0.355,14
0.455,0.35,0.105,0.416,0.145,11
0.445,0.37,0.125,0.515,0.159,9
0.385,0.3,0.115,0.3435,0.1025,6
0.56,0.44,0.13,0.8255,0.285,10
0.55,0.41,0.15,0.785,0.275,12
0.41,0.335,0.115,0.4405,0.135,8
0.655,0.515,0.2,1.373,0.49,16
0.475,0.37,0.125,0.655,0.185,10
0.525,0.395,0.165,0.782,0.285,19
0.545,0.44,0.165,0.744,0.25,15
0.295,0.225,0.09,0.1385,0.05,9
0.545,0.45,0.16,0.8615,0.365,16
0.45,0.355,0.115,0.478,0.155,10
0.54,0.425,0.12,0.817,0.195,10
0.62,0.5,0.2,1.221,0.43,12
0.515,0.4,0.14,0.7365,0.185,16
0.495,0.38,0.135,0.6295,0.215,12
0.76,0.575,0.19,1.829,0.56,14
0.445,0.345,0.14,0.476,0.1085,15
0.635,0.48,0.235,1.064,0.36,16
0.575,0.47,0.165,0.853,0.35,16
0.38,0.27,0.095,0.219,0.07,6
0.245,0.18,0.065,0.0635,0.02,4
0.455,0.355,0.135,0.4745,0.168,13
0.295,0.23,0.085,0.125,0.043,8
0.375,0.28,0.095,0.2225,0.08,10
0.395,0.28,0.08,0.266,0.09,12
0.52,0.41,0.115,0.77,0.26,11
0.53,0.425,0.11,0.739,0.295,13
0.555,0.42,0.145,0.8695,0.25,14
0.505,0.39,0.105,0.6555,0.19,11
0.55,0.45,0.175,1.0985,0.4,14
0.55,0.44,0.16,0.991,0.375,20
0.525,0.41,0.165,0.8005,0.25,13
0.475,0.365,0.14,0.6175,0.19,16
0.485,0.385,0.105,0.556,0.133,7
0.69,0.55,0.195,1.777,0.4305,11
0.695,0.55,0.205,2.173,0.496,10
0.415,0.315,0.12,0.4015,0.097,8
0.485,0.39,0.12,0.599,0.169,8
0.495,0.375,0.115,0.6245,0.155,6
0.565,0.455,0.15,0.9795,0.275,8
0.6,0.465,0.155,1.262,0.33,10
0.63,0.48,0.185,1.21,0.322,11
0.665,0.515,0.165,1.3855,0.3445,8
0.67,0.51,0.2,1.5945,0.4505,10
0.685,0.51,0.18,1.4545,0.3725,9
0.7,0.6,0.23,2.003,0.5755,10
0.72,0.6,0.235,2.2385,0.621,12
0.52,0.395,0.125,0.5815,0.17,10
0.585,0.465,0.15,0.98,0.247,9
0.585,0.455,0.155,1.133,0.305,12
0.61,0.49,0.16,1.146,0.265,8
0.61,0.475,0.15,1.142,0.245,9
0.615,0.53,0.17,1.12,0.286,9
0.625,0.505,0.175,1.131,0.323,8
0.625,0.48,0.175,1.065,0.285,10
0.635,0.48,0.145,1.181,0.225,10
0.66,0.505,0.19,1.4385,0.178,11
0.66,0.485,0.155,1.2275,0.3,8
0.66,0.515,0.155,1.4415,0.335,10
0.72,0.545,0.195,1.7475,0.4705,11
0.51,0.405,0.125,0.6925,0.1805,7
0.59,0.45,0.16,0.998,0.301,9
0.6,0.46,0.155,0.6655,0.269,11
0.62,0.485,0.145,1.003,0.28,11
0.625,0.495,0.155,1.025,0.34,9
0.625,0.495,0.175,1.2935,0.355,9
0.625,0.5,0.175,1.0565,0.305,10
0.625,0.47,0.145,1.7855,0.3245,13
0.645,0.51,0.165,1.403,0.4545,11
0.515,0.39,0.12,0.6125,0.1415,8
0.62,0.465,0.145,0.911,0.278,10
0.63,0.49,0.15,1.1955,0.3,9
0.545,0.45,0.15,0.7805,0.216,8
0.55,0.43,0.18,0.8265,0.225,10
0.55,0.385,0.13,0.7275,0.19,8
0.56,0.45,0.145,0.9355,0.2725,11
0.57,0.445,0.16,1.0145,0.3,10
0.585,0.51,0.16,1.218,0.3,11
0.59,0.45,0.155,0.874,0.24,8
0.6,0.47,0.13,1.0105,0.298,9
0.61,0.365,0.155,1.0765,0.27,9
0.615,0.475,0.205,1.337,0.37,11
0.625,0.5,0.18,1.3705,0.3705,12
0.63,0.485,0.18,1.2435,0.37,11
0.63,0.53,0.175,1.4135,0.3555,13
0.635,0.5,0.18,1.2915,0.37,9
0.67,0.525,0.18,1.4915,0.381,9
0.68,0.545,0.185,1.672,0.48,11
0.7,0.545,0.215,1.9125,0.506,10
0.48,0.365,0.13,0.5305,0.139,8
0.51,0.41,0.155,1.2825,0.3795,9
0.625,0.48,0.16,1.2415,0.2785,9
0.65,0.525,0.185,1.3455,0.3865,9
0.35,0.265,0.09,0.197,0.077,7
0.55,0.42,0.145,0.7385,0.252,11
0.555,0.435,0.145,0.9205,0.255,8
0.58,0.45,0.14,0.824,0.263,10
0.585,0.45,0.15,0.997,0.251,11
0.63,0.505,0.155,1.105,0.325,11
0.63,0.49,0.155,1.229,0.335,11
0.655,0.525,0.18,1.402,0.365,13
0.67,0.535,0.19,1.669,0.508,11
0.67,0.525,0.2,1.7405,0.657,11
0.695,0.53,0.21,1.51,0.385,10
0.695,0.55,0.195,1.6645,0.445,11
0.77,0.605,0.175,2.0505,0.355,11
0.475,0.37,0.11,0.4895,0.146,8
0.475,0.36,0.14,0.5135,0.155,8
0.385,0.255,0.1,0.3175,0.092,8
0.5,0.38,0.125,0.577,0.1535,9
0.52,0.385,0.165,0.791,0.1815,10
0.55,0.43,0.13,0.8395,0.2405,10
0.56,0.43,0.155,0.8675,0.229,8
0.59,0.44,0.135,0.966,0.2605,10
0.6,0.475,0.205,1.176,0.308,9
0.71,0.555,0.195,1.9485,0.495,12